{"nbformat":4,"nbformat_minor":0,"metadata":{"colab":{"provenance":[],"authorship_tag":"ABX9TyOJHDQhf8p+fDU8qdgSDmwO"},"kernelspec":{"name":"python3","display_name":"Python 3"},"language_info":{"name":"python"}},"cells":[{"cell_type":"code","execution_count":1,"metadata":{"id":"7p87MwPzU_BH","executionInfo":{"status":"ok","timestamp":1684974939809,"user_tz":-540,"elapsed":3,"user":{"displayName":"Narii Dog","userId":"03898521912055860913"}}},"outputs":[],"source":["import numpy as np"]},{"cell_type":"markdown","source":["- Matrix\n","$$\\begin{pmatrix} 1 & 1 \\\\ 2 & 4 \\end{pmatrix} \n","\\begin{pmatrix} x \\\\ y \\end{pmatrix} = \n","\\begin{pmatrix} 25 \\\\ 64 \\end{pmatrix}$$\n","\n","- Vector\n","  - 행(row vector) 또는 열(column vector)의 수가 1인 경우\n","\n","- 역행렬 (Inverse)\n","  - 아래를 만족할 때 B는 A의 역행렬이고 A는 B의 역행렬이다.\n","  - AB = BA = E(단위행렬)\n"],"metadata":{"id":"2jqi5DnXVPaQ"}},{"cell_type":"markdown","source":["#### numpy.linalg.inv\n","- 역행렬을 구할 때 사용하는 함수\n","- 모든 차원의 값이 같아야함\n"],"metadata":{"id":"k4K4kFfjV_En"}},{"cell_type":"code","source":["x = np.random.rand(3,3)     #정사각 행렬만 가능\n","print(x)\n","\n","np.linalg.inv(x)      #역행렬을 구할 수 있는 경우는 정사각 행렬의 경우만 가능"],"metadata":{"colab":{"base_uri":"https://localhost:8080/"},"id":"cuBE1e3Xb3VF","executionInfo":{"status":"ok","timestamp":1684976890281,"user_tz":-540,"elapsed":336,"user":{"displayName":"Narii Dog","userId":"03898521912055860913"}},"outputId":"df656cd3-33da-49ac-dea8-ec09a45def9a"},"execution_count":12,"outputs":[{"output_type":"stream","name":"stdout","text":["[[0.04209329 0.37130677 0.0837487 ]\n"," [0.56258698 0.46720916 0.64403602]\n"," [0.35995617 0.70927006 0.19495102]]\n"]},{"output_type":"execute_result","data":{"text/plain":["array([[-7.41904273, -0.26344476,  4.05744542],\n","       [ 2.47795698, -0.44508126,  0.40585929],\n","       [ 4.68317383,  2.10571548, -3.83874046]])"]},"metadata":{},"execution_count":12}]},{"cell_type":"code","source":["x @ np.linalg.inv(x)"],"metadata":{"colab":{"base_uri":"https://localhost:8080/"},"id":"JqpkVKl6cQFD","executionInfo":{"status":"ok","timestamp":1684978049131,"user_tz":-540,"elapsed":409,"user":{"displayName":"Narii Dog","userId":"03898521912055860913"}},"outputId":"823aad84-53c8-4385-d4f6-32501cad1ca5"},"execution_count":14,"outputs":[{"output_type":"execute_result","data":{"text/plain":["array([[ 1.00000000e+00, -4.05011500e-17,  1.07417657e-16],\n","       [-1.25374933e-16,  1.00000000e+00,  6.58152425e-17],\n","       [-3.06226026e-16, -6.06695313e-18,  1.00000000e+00]])"]},"metadata":{},"execution_count":14}]},{"cell_type":"code","source":["np.matmul(x, np.linalg.inv(x))"],"metadata":{"colab":{"base_uri":"https://localhost:8080/"},"id":"KocVf2zUhJvb","executionInfo":{"status":"ok","timestamp":1684978133582,"user_tz":-540,"elapsed":350,"user":{"displayName":"Narii Dog","userId":"03898521912055860913"}},"outputId":"4a73b943-d274-4b06-e257-3551c8935030"},"execution_count":16,"outputs":[{"output_type":"execute_result","data":{"text/plain":["array([[ 1.00000000e+00, -4.05011500e-17,  1.07417657e-16],\n","       [-1.25374933e-16,  1.00000000e+00,  6.58152425e-17],\n","       [-3.06226026e-16, -6.06695313e-18,  1.00000000e+00]])"]},"metadata":{},"execution_count":16}]},{"cell_type":"code","source":["x = np.random.rand(3,3,3)\n","np.linalg.inv(x)"],"metadata":{"colab":{"base_uri":"https://localhost:8080/"},"id":"rR0ir_83heVZ","executionInfo":{"status":"ok","timestamp":1684978364435,"user_tz":-540,"elapsed":3,"user":{"displayName":"Narii Dog","userId":"03898521912055860913"}},"outputId":"e6284aa5-4e0e-4a0f-f3a6-06b274b87d7c"},"execution_count":19,"outputs":[{"output_type":"execute_result","data":{"text/plain":["array([[[  1.85366187,   5.10153186,  -4.3910616 ],\n","        [  0.90941805,  -1.40742676,   1.03599815],\n","        [ -1.63483948,  -2.15917456,   3.44459849]],\n","\n","       [[-17.02031718,   7.89905137,  -0.05419971],\n","        [ -1.98491007,  -0.40766304,   1.32338657],\n","        [ 21.87955874,  -7.88489154,  -0.49255626]],\n","\n","       [[ -0.26325829,   6.93999146,  -7.54289701],\n","        [ -0.58328897,   0.70220797,   0.77491579],\n","        [  2.78903958,  -9.25790642,   8.43269299]]])"]},"metadata":{},"execution_count":19}]},{"cell_type":"code","source":["x @ np.linalg.inv(x)"],"metadata":{"colab":{"base_uri":"https://localhost:8080/"},"id":"EJvyVsDmiWwB","executionInfo":{"status":"ok","timestamp":1684978719381,"user_tz":-540,"elapsed":1619,"user":{"displayName":"Narii Dog","userId":"03898521912055860913"}},"outputId":"fa6a133e-122e-46fe-d996-e629edb5d2ba"},"execution_count":21,"outputs":[{"output_type":"execute_result","data":{"text/plain":["array([[[ 1.00000000e+00,  3.94540437e-17, -2.52596315e-16],\n","        [-2.80231693e-17,  1.00000000e+00,  2.54735068e-18],\n","        [-2.23631463e-16, -3.89486347e-16,  1.00000000e+00]],\n","\n","       [[ 1.00000000e+00, -1.75970074e-16,  1.71340265e-18],\n","        [-1.11073864e-17,  1.00000000e+00,  2.33791359e-17],\n","        [-1.29548502e-15, -1.05518605e-15,  1.00000000e+00]],\n","\n","       [[ 1.00000000e+00, -2.79846328e-17, -5.36453688e-17],\n","        [ 8.99097028e-17,  1.00000000e+00, -5.27529888e-17],\n","        [ 5.51948446e-17, -1.43890493e-16,  1.00000000e+00]]])"]},"metadata":{},"execution_count":21}]},{"cell_type":"markdown","source":["####**numpy.linalg.solve**\n","- Ax = B 형태의 선형대수식 솔루션을 제공하는 함수\n","- 예) x와 y의 합은 25\n","      2x와 4y의 합은 64"],"metadata":{"id":"bcp7OqCyjs0T"}},{"cell_type":"code","source":["A = np.array([[1,1],[2,4]])\n","B = np.array([[25],[64]])\n","\n","x = np.linalg.solve(A,B)\n","\n","print(x)"],"metadata":{"colab":{"base_uri":"https://localhost:8080/"},"id":"gwPG-pqmj3IB","executionInfo":{"status":"ok","timestamp":1684979276629,"user_tz":-540,"elapsed":7,"user":{"displayName":"Narii Dog","userId":"03898521912055860913"}},"outputId":"a8d7525f-8c7e-491d-d9b3-60b8a61d5b3c"},"execution_count":31,"outputs":[{"output_type":"stream","name":"stdout","text":["[[18.]\n"," [ 7.]]\n"]}]},{"cell_type":"code","source":["np.allclose(A@x, B)     # 두 수를 비교하는 함수"],"metadata":{"colab":{"base_uri":"https://localhost:8080/"},"id":"Rj1hurUqlOuA","executionInfo":{"status":"ok","timestamp":1684979385290,"user_tz":-540,"elapsed":475,"user":{"displayName":"Narii Dog","userId":"03898521912055860913"}},"outputId":"2d2868f7-c7f2-41e8-97bd-31d6a1b1672f"},"execution_count":33,"outputs":[{"output_type":"execute_result","data":{"text/plain":["True"]},"metadata":{},"execution_count":33}]},{"cell_type":"code","source":[],"metadata":{"id":"Ccqu4ldpmP6E"},"execution_count":null,"outputs":[]}]}